City_ID,City,Lat,Lng,Max Temp,Humidity,Cloudiness,Wind Speed,Country,Date
0,punta arenas,-53.15,-70.9167,283.21,57,75,18.01,CL,1679515427
1,la orilla,17.9833,-102.2333,302.94,51,0,4.69,MX,1679515429
2,chokurdakh,70.6333,147.9167,240.17,97,88,2.7,RU,1679515429
3,jumla,29.2747,82.1838,279.39,76,67,1.0,NP,1679515385
4,porto novo,6.4965,2.6036,300.05,72,34,3.22,BJ,1679515430
5,jamestown,42.097,-79.2353,283.92,61,100,5.14,US,1679515430
6,pontes e lacerda,-15.2261,-59.3353,298.14,94,100,1.2,BR,1679515431
7,mataura,-46.1927,168.8643,282.72,83,100,0.69,NZ,1679514898
8,leshukonskoye,64.8989,45.7622,265.86,95,100,2.82,RU,1679515431
9,pevek,69.7008,170.3133,248.78,97,100,5.91,RU,1679515431
10,cape town,-33.9258,18.4232,294.38,73,0,8.05,ZA,1679515168
11,kapaa,22.0752,-159.319,300.64,79,78,1.34,US,1679515432
12,east london,-33.0153,27.9116,295.24,86,100,4.26,ZA,1679515432
13,thompson,55.7435,-97.8558,269.24,33,20,3.6,CA,1679515433
14,hilo,19.7297,-155.09,297.18,99,100,2.68,US,1679515433
15,puerto ayora,-0.7393,-90.3518,305.13,82,16,3.58,EC,1679515433
16,mahebourg,-20.4081,57.7,299.31,83,20,2.06,MU,1679514944
17,albany,42.6001,-73.9662,289.84,28,99,0.89,US,1679515202
18,padang,-0.9492,100.3543,298.53,86,95,1.61,ID,1679514950
19,apatity,67.5641,33.4031,257.97,98,70,2.07,RU,1679515434
20,noumea,-22.2763,166.4572,298.71,99,0,3.89,NC,1679515206
21,rikitea,-23.1203,-134.9692,298.8,80,41,7.08,PF,1679514955
22,quatre cocos,-20.2078,57.7625,299.21,77,12,4.39,MU,1679515435
23,aklavik,68.2191,-135.0107,261.15,85,20,1.54,CA,1679515435
24,tefe,-3.3542,-64.7114,304.21,74,40,5.14,BR,1679515436
25,faya,18.3851,42.4509,286.21,36,0,1.01,SA,1679515436
26,castro,-24.7911,-50.0119,299.04,64,12,1.25,BR,1679515319
27,pemangkat,1.1667,108.9667,298.53,84,98,1.34,ID,1679515436
28,tomari,47.7658,142.0683,277.77,76,44,6.3,RU,1679515437
29,esperance,-33.8667,121.9,291.51,87,64,6.69,AU,1679514910
30,ushuaia,-54.8,-68.3,280.94,87,75,9.26,AR,1679515287
31,mawlaik,23.6333,94.4167,291.18,70,1,0.96,MM,1679515437
32,avarua,-21.2078,-159.775,302.18,84,20,3.6,CK,1679515438
33,celendin,-6.8703,-78.1517,296.44,38,78,1.33,PE,1679515438
34,karratha,-20.7377,116.8463,303.37,54,0,1.77,AU,1679515438
35,krasnoselkup,65.7,82.4667,268.72,95,100,10.42,RU,1679514904
36,virden,39.5009,-89.7679,286.34,89,100,6.56,US,1679515214
37,tabory,58.5198,64.5495,274.19,86,100,5.45,RU,1679515439
38,barcelos,41.5388,-8.6151,287.51,92,99,2.35,PT,1679515439
39,saskylakh,71.9167,114.0833,256.57,96,100,1.96,RU,1679515439
40,manavalakurichi,8.1333,77.3,299.53,71,83,4.0,IN,1679515440
41,baykit,61.67,96.37,256.07,100,95,1.4,RU,1679515440
42,vaini,-21.2,-175.2,297.24,83,75,2.57,TO,1679514903
43,san patricio,28.017,-97.5169,302.12,58,54,9.44,US,1679515441
44,college,64.8569,-147.8028,272.71,43,75,2.57,US,1679515441
45,port elizabeth,-33.918,25.5701,295.31,89,75,6.69,ZA,1679515311
46,lebu,-37.6167,-73.65,289.01,68,0,6.26,CL,1679515442
47,ukiah,39.1502,-123.2078,287.65,67,0,3.6,US,1679515442
48,mehran,33.1222,46.1646,288.19,65,26,3.18,IR,1679515442
49,agadez,19.75,10.25,297.58,19,0,4.02,NE,1679515443
50,carnarvon,-24.8667,113.6333,297.19,80,32,4.75,AU,1679515443
51,flinders,-34.5833,150.8552,290.58,90,50,0.89,AU,1679515444
52,souillac,-20.5167,57.5167,299.36,83,20,2.06,MU,1679515444
53,gizo,-8.103,156.8419,300.6,76,94,3.51,SB,1679515444
54,codrington,-38.2667,141.9667,288.7,93,89,4.0,AU,1679515445
55,vostok,46.4856,135.8833,274.26,90,100,1.69,RU,1679515445
56,hof,50.3167,11.9167,285.23,63,100,3.13,DE,1679515446
57,albanel,48.8832,-72.4487,266.14,49,96,2.57,CA,1679515447
58,port alfred,-33.5906,26.891,296.03,85,100,1.34,ZA,1679515448
59,busselton,-33.65,115.3333,289.41,93,22,4.44,AU,1679515148
60,lagoa,39.05,-27.9833,288.77,89,92,12.98,PT,1679515450
61,onverwacht,5.5833,-55.1833,305.15,55,40,2.57,SR,1679515450
62,new norfolk,-42.7826,147.0587,283.55,83,28,1.2,AU,1679515451
63,jumilla,38.4792,-1.325,286.46,50,8,2.24,ES,1679515451
64,bethel,41.3712,-73.414,288.94,38,100,5.66,US,1679515451
65,telimele,10.9167,-13.3333,298.81,62,77,4.29,GN,1679515452
66,kodiak,57.79,-152.4072,274.46,92,100,4.63,US,1679515200
67,pacific grove,36.6177,-121.9166,285.18,90,100,4.12,US,1679515202
68,tuktoyaktuk,69.4541,-133.0374,262.15,85,40,3.6,CA,1679515452
69,bluff,-46.6,168.3333,285.34,71,25,3.37,NZ,1679515274
70,bairiki,1.3292,172.9752,300.15,83,20,4.12,KI,1679515453
71,tomatlan,19.9333,-105.25,308.4,23,0,4.99,MX,1679515453
72,lompoc,34.6391,-120.4579,287.38,73,100,7.6,US,1679515454
73,araouane,18.9048,-3.5265,298.81,16,3,3.57,ML,1679515454
74,margate,51.3813,1.3862,284.21,90,100,3.58,GB,1679515455
75,feira de santana,-12.2667,-38.9667,300.61,61,93,5.48,BR,1679515254
76,rundu,-17.9333,19.7667,293.73,77,96,2.88,NA,1679515455
77,kiama,-34.6833,150.8667,292.59,91,33,1.94,AU,1679515456
78,ancud,-41.8697,-73.8203,288.28,64,0,2.88,CL,1679515456
79,saint-augustin,51.226,-58.6502,270.85,70,47,2.19,CA,1679515456
80,christchurch,-43.5333,172.6333,284.44,90,8,1.03,NZ,1679515457
81,hobyo,5.3505,48.5268,301.0,78,8,6.97,SO,1679515457
82,tazovskiy,67.4667,78.7,268.13,95,100,9.26,RU,1679515457
83,wattegama,6.7989,81.4808,296.77,93,100,0.9,LK,1679515458
84,shuangcheng,45.35,126.2833,271.97,31,0,8.73,CN,1679515458
85,deputatskiy,69.3,139.9,237.03,90,17,2.28,RU,1679515459
86,laguna,38.421,-121.4238,286.31,68,100,8.23,US,1679515459
87,qaanaaq,77.484,-69.3632,252.67,75,0,2.33,GL,1679515460
88,cabra,37.4725,-4.4421,288.55,50,2,0.76,ES,1679515460
89,otuzco,-7.9,-78.5833,287.94,67,100,3.76,PE,1679515461
90,port hardy,50.6996,-127.4199,280.25,93,100,3.09,CA,1679514945
91,alta floresta,-9.8756,-56.0861,301.05,78,40,3.6,BR,1679515355
92,dawlatabad,36.4141,64.9053,287.76,76,99,2.32,AF,1679515462
93,aboisso,5.4678,-3.2071,299.42,84,100,2.42,CI,1679515462
94,fairbanks,64.8378,-147.7164,272.72,43,75,2.57,US,1679515462
95,victor harbor,-35.5667,138.6167,288.53,89,1,3.09,AU,1679515463
96,tasiilaq,65.6145,-37.6368,264.24,63,0,1.27,GL,1679515463
97,san cristobal,7.7669,-72.225,295.25,51,76,0.86,VE,1679515463
98,saint george,37.1041,-113.5841,285.34,45,75,5.66,US,1679515164
99,shimabara,32.7833,130.3667,289.76,99,100,2.17,JP,1679515464
100,butaritari,3.0707,172.7902,300.58,76,75,7.79,KI,1679515168
101,mar del plata,-38.0023,-57.5575,295.34,65,75,7.2,AR,1679515280
102,hermanus,-34.4187,19.2345,293.6,82,86,8.21,ZA,1679515465
103,norman wells,65.282,-126.8329,265.17,62,75,3.09,CA,1679515465
104,brisbane,-27.4679,153.0281,295.83,88,100,2.57,AU,1679515449
105,chuy,-33.6971,-53.4616,294.81,63,100,4.29,UY,1679515466
106,tiksi,71.6872,128.8694,256.63,82,100,7.16,RU,1679515466
107,roald,62.5833,6.1333,279.66,100,40,3.09,NO,1679515466
108,bandarbeyla,9.4942,50.8122,300.99,77,100,2.19,SO,1679515467
109,xingyi,24.1877,102.817,283.84,78,0,1.85,CN,1679515467
110,pisco,-13.7,-76.2167,301.18,57,0,10.29,PE,1679515467
111,los llanos de aridane,28.6585,-17.9182,291.01,73,40,7.72,ES,1679515468
112,churapcha,62.0025,132.4325,236.21,100,100,1.48,RU,1679515468
113,tuatapere,-46.1333,167.6833,282.31,81,47,1.28,NZ,1679515469
114,dunedin,-45.8742,170.5036,285.26,77,98,1.34,NZ,1679514941
115,isangel,-19.55,169.2667,298.93,82,53,6.63,VU,1679515471
116,asau,46.4333,26.4,280.66,88,8,1.42,RO,1679515471
117,heishan,41.6892,122.1128,275.1,16,34,3.83,CN,1679515472
118,eureka,40.8021,-124.1637,287.41,84,100,2.24,US,1679515216
119,klaksvik,62.2266,-6.589,277.66,97,100,19.35,FO,1679515472
120,saint-philippe,-21.3585,55.7679,297.92,86,94,3.71,RE,1679515473
121,brenham,30.1669,-96.3977,300.1,64,100,7.2,US,1679515473
122,khatanga,71.9667,102.5,262.02,91,100,8.02,RU,1679515473
123,batsfjord,70.6345,29.7185,267.11,67,75,7.2,NO,1679515474
124,nanortalik,60.1432,-45.2371,271.62,86,100,1.42,GL,1679515474
125,novikovo,51.1537,37.8879,280.94,76,64,2.03,RU,1679515474
126,hobart,-42.8794,147.3294,283.74,91,20,3.6,AU,1679515087
127,yellowknife,62.456,-114.3525,264.44,62,75,5.66,CA,1679514948
128,ribeira grande,38.5167,-28.7,290.37,88,75,8.49,PT,1679515475
129,kuznechnoye,61.12,29.8686,275.92,92,100,6.5,RU,1679515475
130,batemans bay,-35.7167,150.1833,291.54,94,35,1.16,AU,1679515476
131,krasnyy yar,46.5331,48.3456,280.11,53,62,2.61,RU,1679515476
132,ponta do sol,32.6667,-17.1,291.5,78,76,2.51,PT,1679515477
133,abu samrah,35.3029,37.1841,285.6,77,100,3.63,SY,1679515477
134,coihaique,-45.5752,-72.0662,288.12,47,20,5.14,CL,1679515478
135,dongargaon,20.9667,80.85,297.51,54,60,1.04,IN,1679515478
136,okha,53.5739,142.9478,262.72,95,100,7.5,RU,1679515479
137,kirkcudbright,54.8383,-4.0491,281.57,90,100,10.76,GB,1679515479
138,jacmel,18.2342,-72.5347,304.06,60,34,3.0,HT,1679515479
139,provideniya,64.3833,-173.3,251.47,94,23,1.2,RU,1679514902
140,ketchikan,55.3422,-131.6461,279.41,61,75,5.14,US,1679515469
141,rio grande,-32.035,-52.0986,299.21,68,100,6.42,BR,1679515480
142,upernavik,72.7868,-56.1549,249.58,94,40,0.51,GL,1679515480
143,san jose iturbide,21.0,-100.3833,300.19,17,0,3.5,MX,1679515481
144,constitucion,-35.3333,-72.4167,294.18,51,4,5.98,CL,1679515481
145,coquimbo,-29.9533,-71.3436,292.0,88,75,5.14,CL,1679515200
146,leningradskiy,69.3833,178.4167,252.74,91,100,8.56,RU,1679515482
147,henties bay,-22.116,14.2845,290.07,88,80,3.16,NA,1679515482
148,te anau,-45.4167,167.7167,279.09,89,17,0.4,NZ,1679515483
149,bredasdorp,-34.5322,20.0403,292.54,90,54,7.47,ZA,1679515483
150,chegdomyn,51.1167,133.0167,269.18,94,100,1.97,RU,1679515483
151,shingu,33.7333,135.9833,290.03,97,100,4.95,JP,1679515484
152,amapa,1.0,-52.0,299.0,93,58,0.6,BR,1679515484
153,husavik,66.0449,-17.3389,268.94,84,80,8.14,IS,1679514908
154,longyearbyen,78.2186,15.6401,261.06,67,100,7.72,SJ,1679515484
155,karakulino,56.012,53.7067,271.33,92,97,4.11,RU,1679515485
156,bon air,37.5249,-77.5578,290.97,40,40,4.47,US,1679515485
157,port augusta,-32.5,137.7667,292.21,83,1,4.98,AU,1679515486
158,ada,43.4166,-116.1262,283.49,51,0,2.24,US,1679515486
159,rawson,-43.3002,-65.1023,303.31,15,0,7.2,AR,1679515486
160,bonavista,48.6499,-53.1147,272.49,81,99,1.01,CA,1679515487
161,basco,20.4487,121.9702,298.89,84,57,5.91,PH,1679515487
162,bathsheba,13.2167,-59.5167,301.49,57,20,7.2,BB,1679515487
163,visnes,59.3556,5.2242,280.18,81,40,10.29,NO,1679515488
164,butterworth,5.3991,100.3638,300.17,99,40,5.36,MY,1679515488
165,itoman,26.1247,127.6694,296.58,96,100,6.69,JP,1679515489
166,lavrentiya,65.5833,-171.0,250.24,99,73,1.46,RU,1679515489
167,ravar,31.2656,56.8055,285.21,49,100,3.38,IR,1679515490
168,huanan,46.2167,130.5167,272.08,41,1,3.06,CN,1679515490
169,urengoy,65.9667,78.3667,271.01,96,100,9.21,RU,1679515490
170,maniitsoq,65.4167,-52.9,263.7,86,43,2.93,GL,1679515491
171,las rosas,-32.4766,-61.5804,293.67,98,100,3.66,AR,1679515492
172,cockburn town,21.4612,-71.1419,298.25,70,0,6.48,TC,1679515353
173,akyab,20.15,92.9,297.06,78,4,3.76,MM,1679515493
174,half moon bay,37.4636,-122.4286,287.1,81,100,3.09,US,1679515316
175,fortuna,40.5982,-124.1573,285.18,86,100,4.63,US,1679515494
176,kushima,31.4583,131.2333,292.68,97,100,3.94,JP,1679515495
177,moree,-29.4667,149.85,293.67,81,4,4.42,AU,1679515251
178,sistranda,63.7256,8.834,273.13,96,100,9.32,NO,1679515495
179,ulladulla,-35.35,150.4667,288.02,88,55,1.48,AU,1679515497
180,port arthur,38.8,121.2667,280.27,62,100,8.55,CN,1679515497
181,florianopolis,-27.6146,-48.5012,297.94,81,40,6.69,BR,1679515332
182,nizhniy tsasuchey,50.5167,115.1333,261.79,92,100,7.74,RU,1679515498
183,novo aripuana,-5.1206,-60.3797,298.49,95,100,1.48,BR,1679515498
184,mezen,65.8522,44.24,265.43,95,100,2.92,RU,1679515498
185,kahului,20.8947,-156.47,300.28,82,100,3.13,US,1679515428
186,kidal,18.4411,1.4078,299.37,12,7,4.3,ML,1679515499
187,garissa,-0.4536,39.6401,301.16,69,57,7.87,KE,1679515499
188,salalah,17.0151,54.0924,300.2,89,0,2.06,OM,1679515486
189,mogadishu,2.0371,45.3438,300.78,80,56,6.0,SO,1679515500
190,garmsar,35.2182,52.3409,282.12,66,100,1.87,IR,1679515500
191,georgetown,5.4112,100.3354,300.11,99,40,5.36,MY,1679515392
192,san carlos,9.6612,-68.5827,308.46,23,89,0.61,VE,1679515501
193,dunmore town,25.5,-76.65,296.09,71,77,9.05,BS,1679515501
194,saint-pierre,-21.3393,55.4781,297.97,73,90,1.54,RE,1679515239
195,baheri,28.7833,79.5,290.62,66,34,3.11,IN,1679515502
196,bac lieu,9.285,105.7244,298.21,85,25,1.75,VN,1679515503
197,poum,-20.2333,164.0167,298.91,67,0,6.32,NC,1679515504
198,la ronge,55.1001,-105.2842,263.29,52,40,2.57,CA,1679515216
199,seoul,37.5683,126.9778,288.93,64,0,3.09,KR,1679515394
200,sitka,57.0531,-135.33,280.09,57,100,7.72,US,1679515505
201,kavaratti,10.5669,72.642,300.84,71,40,6.48,IN,1679515506
202,ereymentau,51.6199,73.1033,266.0,70,91,3.49,KZ,1679515507
203,sola,-13.8833,167.55,300.6,71,81,0.68,VU,1679515508
204,shitanjing,39.2342,106.3439,276.1,20,100,1.21,CN,1679515508
205,bara,10.3744,10.7288,300.94,43,100,2.98,NG,1679515509
206,zaranj,30.9667,61.8833,295.13,36,63,5.92,AF,1679515509
207,banepa,27.6298,85.5214,284.89,82,20,2.06,NP,1679515510
208,hithadhoo,-0.6,73.0833,299.92,81,100,4.81,MV,1679515511
209,samarai,-10.6167,150.6667,300.36,82,59,2.52,PG,1679515511
210,mahibadhoo,3.7833,72.9667,300.87,75,100,3.0,MV,1679515321
211,alofi,-19.0595,-169.9187,299.09,89,40,2.06,NU,1679515512
212,gat,31.61,34.7642,290.59,100,100,1.79,IL,1679515512
213,san rafael,-34.6177,-68.3301,298.01,48,14,4.15,AR,1679515513
214,conceicao das alagoas,-19.9147,-48.3883,305.03,65,5,1.98,BR,1679515347
215,guerrero negro,27.9769,-114.0611,290.36,64,100,7.4,MX,1679515451
216,solnechnyy,50.7214,136.6319,262.62,89,98,3.77,RU,1679515514
217,nazarovo,56.0064,90.3914,259.29,87,9,2.63,RU,1679515515
218,grindavik,63.8424,-22.4338,275.12,55,0,3.6,IS,1679515516
219,avera,33.194,-82.5271,296.14,58,68,2.22,US,1679515517
220,trincomalee,8.5711,81.2335,299.58,83,89,3.3,LK,1679515517
221,labuhan,-6.8844,112.2051,299.31,79,59,1.04,ID,1679515518
222,sakakah,29.9697,40.2064,288.91,35,99,2.13,SA,1679515519
223,pimentel,-6.8367,-79.9342,304.31,55,0,5.14,PE,1679515519
224,saquena,-4.6667,-73.5167,307.26,37,52,1.75,PE,1679515520
225,talnakh,69.4865,88.3972,259.38,95,100,4.24,RU,1679515521
226,cidreira,-30.1811,-50.2056,296.31,74,100,6.57,BR,1679514942
227,sri aman,1.2376,111.4621,297.18,100,99,0.0,MY,1679515522
228,saint-joseph,-21.3667,55.6167,297.36,86,91,4.0,RE,1679515522
229,paamiut,61.994,-49.6678,266.5,79,1,3.37,GL,1679515523
230,arraial do cabo,-22.9661,-42.0278,302.13,78,20,5.66,BR,1679515401
231,sur,22.5667,59.5289,297.21,54,0,5.2,OM,1679515524
232,bay roberts,47.5999,-53.2648,276.56,41,68,1.79,CA,1679515293
233,letlhakeng,-24.0944,25.0298,294.81,40,62,3.64,BW,1679515525
234,silver city,32.7701,-108.2803,290.13,54,75,7.72,US,1679515525
235,peniche,39.3558,-9.3811,287.75,83,100,3.23,PT,1679515526
236,sept-iles,50.2001,-66.3821,273.74,41,20,6.17,CA,1679515246
237,clyde river,70.4692,-68.5914,252.28,71,0,0.0,CA,1679515527
238,barrow,71.2906,-156.7887,262.16,79,0,3.6,US,1679515527
239,amberley,39.2048,-84.428,283.85,90,100,3.6,US,1679515528
240,lasa,46.6166,10.7002,284.09,89,89,1.21,IT,1679515528
241,cayenne,4.9333,-52.3333,303.17,62,20,3.6,GF,1679515529
242,jiwani,25.05,61.7417,297.64,60,0,8.89,PK,1679515530
243,pucallpa,-8.3791,-74.5539,300.17,78,75,0.0,PE,1679515530
244,sandwick,60.0,-1.25,281.05,81,40,12.86,GB,1679515530
245,severo-kurilsk,50.6789,156.125,272.98,93,44,4.1,RU,1679515531
246,tondano,1.3038,124.9112,293.2,95,100,1.06,ID,1679515531
247,kindu,-2.95,25.95,295.22,84,100,1.31,CD,1679515532
248,miyako,39.6367,141.9525,282.55,84,100,3.83,JP,1679515533
249,bukachacha,52.9833,116.9167,258.6,75,100,3.09,RU,1679515533
250,pedasi,7.5333,-80.0333,302.3,61,100,6.81,PA,1679515533
251,atuona,-9.8,-139.0333,299.76,71,2,3.31,PF,1679515534
252,geraldton,-28.7667,114.6,292.38,94,100,3.6,AU,1679515534
253,kwekwe,-18.9281,29.8149,293.56,83,99,1.96,ZW,1679515535
254,santa ines,-3.6667,-45.38,300.33,80,49,1.61,BR,1679515536
255,kalmunai,7.4167,81.8167,298.92,83,92,2.71,LK,1679515537
256,buckeye,33.3703,-112.5838,291.05,45,40,2.57,US,1679515530
257,heyang,26.1011,107.473,288.05,95,100,1.77,CN,1679515537
258,keflavik,64.0049,-22.5624,275.1,55,0,3.6,IS,1679515538
259,meulaboh,4.1363,96.1285,298.24,90,100,1.28,ID,1679515539
260,cherskiy,68.75,161.3,245.57,99,100,2.28,RU,1679515540
261,osakarovka,50.565,72.5692,263.56,74,56,2.8,KZ,1679515542
262,san jose,37.3394,-121.895,287.05,73,75,7.72,US,1679515086
263,constantine,36.365,6.6147,283.82,71,0,1.03,DZ,1679515542
264,sechura,-5.5569,-80.8222,302.94,60,54,6.08,PE,1679515543
265,kavieng,-2.5744,150.7967,300.36,76,42,3.63,PG,1679515543
266,dudinka,69.4058,86.1778,259.61,95,100,3.19,RU,1679515544
267,havoysund,70.9963,24.6622,266.28,57,100,2.17,NO,1679515545
268,moerai,-22.4333,-151.3333,300.42,76,61,3.56,PF,1679515545
269,nadym,65.5333,72.5167,273.82,98,100,9.0,RU,1679515545
270,nuuk,64.1835,-51.7216,267.49,68,20,7.2,GL,1679515269
271,san quintin,30.4833,-115.95,289.05,55,11,5.73,MX,1679515546
272,bambous virieux,-20.3428,57.7575,299.29,83,20,2.06,MU,1679514947
273,narsaq,60.9167,-46.05,275.27,78,97,1.82,GL,1679515546
274,gerash,27.6652,54.1371,287.23,52,0,6.44,IR,1679515547
275,muslyumovo,55.3033,53.1947,272.48,91,85,3.35,RU,1679515547
276,losinyy,57.1386,61.0666,273.63,82,90,5.84,RU,1679515548
277,severo-yeniseyskiy,60.3725,93.0408,263.36,88,100,4.92,RU,1679515548
278,bereda,43.2686,-7.5406,286.01,78,100,3.48,ES,1679515548
279,bonnyville,54.2668,-110.735,269.04,85,34,4.77,CA,1679515549
280,bengkulu,-3.8004,102.2655,297.55,90,100,1.99,ID,1679515549
281,kruisfontein,-34.0033,24.7314,291.84,93,86,5.36,ZA,1679515549
282,sao joao da barra,-21.6403,-41.0511,302.2,79,2,4.5,BR,1679515550
283,luanda,-8.8368,13.2343,300.15,78,20,3.6,AO,1679515493
284,adrar,20.5022,-10.0711,300.39,11,0,3.07,MR,1679515551
285,amambai,-23.1042,-55.2258,300.41,72,30,1.59,BR,1679515551
286,ugoofaaru,5.6667,73.0,300.57,72,100,3.39,MV,1679515551
287,faanui,-16.4833,-151.75,301.3,74,17,5.61,PF,1679515552
288,sesheke,-17.4759,24.2968,292.47,91,73,2.45,ZM,1679515552
289,aripuana,-9.1667,-60.6333,294.8,99,100,1.53,BR,1679515515
290,semnan,35.5729,53.3971,278.06,68,86,3.47,IR,1679515553
291,katangli,51.7102,143.2326,270.83,97,100,5.5,RU,1679515553
292,kaitangata,-46.2817,169.8464,283.26,80,100,2.31,NZ,1679515554
293,santa maria,-29.6842,-53.8069,303.76,55,20,5.14,BR,1679515554
294,tornio,65.8481,24.1466,269.16,94,100,3.1,FI,1679515555
295,kraljevo,43.7258,20.6894,282.15,76,0,0.51,RS,1679515350
296,asuncion,-25.3007,-57.6359,308.65,41,20,4.12,PY,1679515341
297,darhan,49.4867,105.9228,257.71,80,100,2.05,MN,1679515555
298,mehamn,71.0357,27.8492,267.1,68,75,6.17,NO,1679515556
299,kapoeta,4.7717,33.5903,303.48,36,84,1.94,SS,1679515556
300,finschhafen,-6.6024,147.8681,299.56,82,100,3.94,PG,1679515556
301,saldanha,-33.0117,17.9442,290.18,92,98,4.52,ZA,1679515557
302,zaragoza,41.6561,-0.8773,293.16,45,0,2.57,ES,1679515280
303,yar-sale,66.8333,70.8333,272.42,98,100,4.84,RU,1679515557
304,lyaskelya,61.7667,31.0167,273.73,99,100,4.97,RU,1679515557
305,ulkan,57.243,107.3223,250.69,100,38,1.16,RU,1679515558
306,nikolskoye,59.7035,30.7861,277.09,90,100,5.96,RU,1679515558
307,sarahan,31.5167,77.8,276.84,63,9,3.17,IN,1679515559
308,manamadurai,9.7,78.4833,300.54,72,100,2.32,IN,1679515559
309,rio cuarto,-33.1307,-64.3499,293.52,94,75,4.12,AR,1679515559
310,tilichiki,60.4667,166.1,240.46,92,13,2.4,RU,1679515560
311,iqaluit,63.7506,-68.5145,255.2,64,20,5.14,CA,1679515493
312,kodaikanal,10.2333,77.4833,285.76,89,3,1.72,IN,1679515560
313,torbay,47.6666,-52.7314,276.14,73,75,3.6,CA,1679515561
314,marzuq,14.4,46.4667,297.86,53,29,2.26,YE,1679515561
315,arona,28.0996,-16.681,290.44,73,0,8.75,ES,1679515562
316,tabora,-5.0167,32.8,290.91,93,99,0.77,TZ,1679515563
317,cangucu,-31.395,-52.6756,296.71,68,96,4.18,BR,1679515324
318,dikson,73.5069,80.5464,254.39,95,99,7.02,RU,1679515564
319,davila,18.4726,120.5763,298.16,80,50,1.79,PH,1679515565
320,ipora,-16.4419,-51.1178,297.41,79,100,1.21,BR,1679515566
321,xiangxiang,27.7333,112.5333,287.41,95,100,1.78,CN,1679515567
322,sydney,-33.8679,151.2073,292.74,89,48,0.45,AU,1679514957
323,karakol,42.4907,78.3936,276.25,73,89,1.08,KG,1679515568
324,lieksa,63.3167,30.0167,272.54,98,100,4.92,FI,1679515569
325,puerto cabezas,14.0351,-83.3888,303.13,70,40,6.17,NI,1679515569
326,biltine,14.5333,20.9167,302.75,22,92,6.19,TD,1679515570
327,port-cartier,50.0334,-66.8654,273.57,58,99,5.81,CA,1679515571
328,bud,39.447,-86.1758,285.29,95,100,5.67,US,1679515572
329,cabo san lucas,22.8909,-109.9124,300.16,58,0,2.24,MX,1679515334
330,victoria,22.2855,114.1577,298.36,87,85,4.92,HK,1679515573
331,pouembout,-21.1333,164.9,296.15,79,2,2.05,NC,1679515574
332,maneadero,31.7167,-116.5667,289.87,62,18,2.24,MX,1679515574
333,broome,42.2506,-75.833,289.31,36,100,5.14,US,1679515575
334,kapit,2.0167,112.9333,296.69,99,100,0.23,MY,1679515575
335,bacolod,10.6667,122.95,297.44,78,85,2.32,PH,1679515576
336,taltal,-25.4,-70.4833,296.21,73,25,3.07,CL,1679515311
337,velyka oleksandrivka,47.3197,33.3037,283.21,56,95,2.32,UA,1679515577
338,natalio,-26.7167,-55.0833,306.07,39,96,1.88,PY,1679515578
339,haines junction,60.7522,-137.5108,272.12,55,100,0.51,CA,1679515578
340,safford,32.834,-109.7076,290.66,54,40,9.77,US,1679515579
341,usinsk,65.9939,57.5281,265.21,86,100,7.64,RU,1679515579
342,port blair,11.6667,92.75,299.17,94,40,1.03,IN,1679515580
343,dingzhou,38.5131,114.9956,282.21,13,100,3.1,CN,1679515580
344,bilibino,68.0546,166.4372,245.06,96,100,2.16,RU,1679515581
345,praia da vitoria,38.7333,-27.0667,292.29,77,40,6.3,PT,1679515581
346,najran,17.4924,44.1277,292.51,23,0,1.07,SA,1679515582
347,athabasca,54.7169,-113.2854,269.38,82,11,2.03,CA,1679515582
348,ilulissat,69.2167,-51.1,264.16,67,75,2.06,GL,1679515583
349,dzilam gonzalez,21.2833,-88.9333,306.44,39,0,3.5,MX,1679515583
350,llallagua,-18.4167,-66.6333,285.04,49,99,4.43,BO,1679515584
351,tubuala,9.5167,-79.0333,299.36,81,100,8.49,PA,1679515585
352,berlevag,70.8578,29.0864,267.12,58,100,9.26,NO,1679515586
353,cap malheureux,-19.9842,57.6142,298.41,80,17,0.45,MU,1679515587
354,dharchula,29.85,80.5333,284.48,59,60,2.92,IN,1679515588
355,adre,13.4667,22.2,300.09,12,16,2.66,TD,1679515589
356,hvide sande,56.0045,8.1294,280.98,93,95,8.43,DK,1679515590
357,nome,64.5011,-165.4064,263.8,68,100,2.06,US,1679515591
358,aguililla,18.7333,-102.7333,308.42,13,0,1.47,MX,1679515592
359,sukhumi,43.0033,41.0153,284.22,85,4,1.61,GE,1679515592
360,luderitz,-26.6481,15.1594,290.87,81,96,7.64,NA,1679515593
361,kirakira,-10.4544,161.9205,298.37,91,100,4.11,SB,1679515593
362,imeni poliny osipenko,52.4201,136.4853,261.83,93,100,7.1,RU,1679515594
363,guanica,17.9716,-66.908,302.75,63,36,5.79,PR,1679515594
364,abu kamal,34.4506,40.9171,290.61,47,100,1.82,SY,1679515595
365,changji,44.0167,87.3167,273.59,74,0,1.0,CN,1679515595
366,jalu,29.0331,21.5482,292.67,70,100,3.89,LY,1679515596
367,ust-omchug,61.15,149.6333,238.25,100,93,0.88,RU,1679515597
368,vao,-22.6667,167.4833,297.67,68,0,6.98,NC,1679515597
369,san andres,12.5847,-81.7006,302.16,70,40,7.2,CO,1679515598
370,dolores,-36.3132,-57.6792,294.99,59,0,5.24,AR,1679515598
371,diego de almagro,-26.3667,-70.05,300.95,32,0,6.71,CL,1679515361
372,chengde,40.9725,117.9361,273.67,18,100,3.98,CN,1679515599
373,usoke,-5.1667,32.35,291.79,89,100,0.36,TZ,1679515600
374,yerbogachen,61.2767,108.0108,258.63,91,59,4.5,RU,1679515600
375,harper,4.375,-7.7169,299.91,83,100,4.17,LR,1679515601
376,beringovskiy,63.05,179.3167,253.84,83,100,2.61,RU,1679515602
377,shizunai,42.3339,142.3669,279.39,74,100,5.16,JP,1679515602
378,tessalit,20.1986,1.0114,297.97,17,0,3.65,ML,1679515334
379,hualmay,-11.0964,-77.6139,298.98,70,98,4.31,PE,1679515603
380,ostrovnoy,68.0531,39.5131,264.64,90,100,4.56,RU,1679515603
381,chumikan,54.7183,135.315,260.03,95,100,5.28,RU,1679515604
382,richards bay,-28.783,32.0377,296.14,94,61,1.21,ZA,1679515604
383,luwuk,-0.9516,122.7875,298.03,86,100,1.18,ID,1679515605
384,simao,22.7886,100.9748,286.28,76,2,0.38,CN,1679515605
385,kingseat,56.0974,-3.4084,281.55,78,20,5.66,GB,1679515606
386,wajima,37.4,136.9,286.45,74,100,1.33,JP,1679515606
387,kaeo,-35.1,173.7833,287.22,95,82,1.72,NZ,1679515607
388,ati,13.2154,18.3353,301.85,37,95,3.23,TD,1679515607
389,kununurra,-15.7667,128.7333,297.14,94,40,2.06,AU,1679515608
390,siva,29.2041,25.5195,294.48,39,100,3.08,EG,1679515609
391,portland,45.5234,-122.6762,290.66,54,0,2.57,US,1679515309
392,contai,21.7786,87.7536,297.23,79,9,3.22,IN,1679515609
393,uva,56.9908,52.1852,270.63,95,97,2.63,RU,1679515610
394,umm kaddadah,13.6017,26.6876,299.27,10,21,4.96,SD,1679515610
395,veraval,20.9,70.3667,297.65,79,16,4.18,IN,1679515610
396,borogontsy,62.6683,131.1683,242.62,100,100,2.06,RU,1679515611
397,turukhansk,65.8167,87.9833,267.44,94,100,9.04,RU,1679515612
398,airai,-8.9266,125.4092,288.63,93,100,0.55,TL,1679515612
399,namibe,-15.1961,12.1522,296.06,79,98,1.48,AO,1679515612
400,roebourne,-20.7833,117.1333,303.79,50,1,1.08,AU,1679515613
401,derzhavinsk,51.1,66.3167,267.8,77,100,3.79,KZ,1679515613
402,lorengau,-2.0226,147.2712,299.5,73,11,1.47,PG,1679515614
403,sioux lookout,50.1001,-91.917,269.19,80,100,5.14,CA,1679514920
404,paraiso,9.8383,-83.8656,296.1,76,34,3.51,CR,1679515609
405,santiago,-33.4569,-70.6483,306.64,23,0,6.69,CL,1679515338
406,ouadda,8.0777,22.4007,300.51,44,99,2.4,CF,1679515615
407,porto santo,33.072,-16.3415,290.36,67,40,3.6,PT,1679515615
408,mattru,7.6244,-11.8332,298.7,83,82,2.12,SL,1679515615
409,kendari,-3.945,122.4989,297.16,92,99,0.54,ID,1679515544
410,vardo,70.3705,31.1107,265.14,79,75,10.8,NO,1679515616
411,high level,58.5169,-117.136,273.75,92,90,1.89,CA,1679515616
412,katherine,-14.4667,132.2667,297.33,94,94,0.0,AU,1679515617
413,melito di porto salvo,37.9222,15.7714,288.66,77,75,6.17,IT,1679515617
414,petropavlovsk-kamchatskiy,53.0452,158.6483,269.14,86,0,4.0,RU,1679515617
415,neuquen,-38.9516,-68.0591,298.09,50,0,1.54,AR,1679515618
416,cam ranh,11.9214,109.1591,298.13,88,17,0.0,VN,1679515618
417,sitio novo do tocantins,-5.5183,-47.4611,300.11,78,75,3.09,BR,1679515399
418,naze,28.3667,129.4833,293.72,91,87,9.32,JP,1679515619
419,umm lajj,25.0213,37.2685,294.74,57,64,3.78,SA,1679515616
420,kharp,66.8014,65.8081,265.21,94,100,3.51,RU,1679515619
421,saint-georges,12.0564,-61.7485,300.97,65,20,9.77,GD,1679515619
422,imbituba,-28.24,-48.6703,296.77,89,94,5.35,BR,1679515620
423,langfang,39.5097,116.6947,281.05,11,100,5.96,CN,1679515621
424,slave lake,55.2834,-114.769,276.22,79,22,2.97,CA,1679515621
425,galle,6.0367,80.217,299.2,81,94,0.19,LK,1679515621
426,erenhot,43.6475,111.9767,262.61,24,1,7.08,CN,1679515622
427,nalut,30.3333,10.85,288.51,48,33,5.44,LY,1679515623
428,hasaki,35.7333,140.8333,287.37,87,100,3.4,JP,1679515624
429,nantucket,41.2835,-70.0995,284.26,76,0,6.17,US,1679515625
430,morro bay,35.3658,-120.8499,287.46,90,98,0.89,US,1679515599
431,omsukchan,62.5333,155.8,243.64,98,100,2.02,RU,1679515626
432,ndende,-2.4008,11.3581,296.35,98,100,1.56,GA,1679515627
433,culpeper,38.5004,-77.9664,291.99,19,100,3.6,US,1679515627
434,port lincoln,-34.7333,135.8667,289.53,82,49,4.85,AU,1679515628
435,darab,28.7519,54.5444,282.98,67,6,1.44,IR,1679515629
436,sobolevo,54.4299,31.8996,274.77,87,10,3.46,RU,1679515630
437,uklana mandi,29.5023,75.8849,292.89,50,72,2.27,IN,1679515632
438,roma,43.2128,-75.4557,289.64,42,75,5.14,US,1679515633
439,sinnamary,5.3833,-52.95,300.59,64,47,3.41,GF,1679515634
440,cagliari,39.245,9.0912,286.99,74,20,3.09,IT,1679515634
441,hofn,64.2539,-15.2082,271.82,78,100,13.37,IS,1679515635
442,kincardine,56.0667,-3.7167,282.55,86,42,4.69,GB,1679515636
443,benjamin constant,-4.3831,-70.0311,299.18,83,75,5.66,BR,1679515636
444,ca mau,9.1769,105.15,296.82,90,36,1.27,VN,1679515637
445,galich,58.3797,42.3475,272.52,95,100,3.35,RU,1679515638
446,newcastle,-32.9272,151.7765,293.55,91,100,1.54,AU,1679515493
447,pergamino,-33.89,-60.5736,293.81,98,100,3.07,AR,1679515470
448,menfi,37.6066,12.9678,285.64,95,100,2.17,IT,1679515639
449,kieta,-6.2167,155.6333,299.57,79,60,1.5,PG,1679515639
450,vila velha,-20.3297,-40.2925,301.12,83,20,5.14,BR,1679515639
451,sao jose da coroa grande,-8.8978,-35.1478,299.7,76,41,3.92,BR,1679515640
452,fort nelson,58.8053,-122.7002,277.92,45,40,2.06,CA,1679515406
453,gwadar,25.1216,62.3254,297.75,74,0,7.91,PK,1679515641
454,monrovia,6.3005,-10.7969,301.02,82,44,4.91,LR,1679515642
455,saveh,35.0213,50.3566,280.46,64,100,3.55,IR,1679515642
456,kasempa,-13.4584,25.8338,290.57,97,100,2.08,ZM,1679515643
457,buzdyak,54.5833,54.55,273.13,91,99,5.03,RU,1679515643
458,kaa-khem,51.6833,94.7333,251.41,89,6,1.65,RU,1679515644
459,hami,42.8,93.45,277.86,22,1,3.41,CN,1679515644
460,safranbolu,41.2508,32.6942,280.84,78,57,1.31,TR,1679515646
461,russell,32.3502,-85.1999,298.66,42,3,2.2,US,1679515647
462,green river,41.5286,-109.4662,275.36,61,100,0.89,US,1679515647
463,hamilton,39.1834,-84.5333,284.23,91,100,4.12,US,1679515648
464,stuttgart,48.7823,9.177,286.93,68,0,1.03,DE,1679515648
465,thap than,15.4606,99.8917,300.77,69,1,2.47,TH,1679515649
466,camacha,33.0833,-16.3333,288.83,67,40,3.6,PT,1679515650
467,viransehir,37.2353,39.7631,284.58,65,100,1.19,TR,1679515389
468,kungurtug,50.5994,97.5228,247.86,96,39,0.89,RU,1679515651
469,batagay,67.6333,134.6333,238.27,96,33,2.81,RU,1679515651
470,porto de moz,-1.7483,-52.2383,302.67,64,43,1.62,BR,1679515652
471,prince rupert,54.3161,-130.3201,277.2,81,100,4.12,CA,1679515444
472,jatibonico,21.9419,-79.17,300.12,64,90,7.7,CU,1679515653
473,makakilo city,21.3469,-158.0858,299.33,74,20,3.09,US,1679515655
474,port hedland,-20.3167,118.5667,300.18,94,1,2.57,AU,1679515655
475,rovaniemi,66.5,25.7167,267.82,58,0,2.57,FI,1679515659
476,anshun,26.25,105.9333,289.56,55,39,3.54,CN,1679515660
477,mackay,-21.15,149.2,296.31,74,65,7.23,AU,1679515660
478,vilhena,-12.7406,-60.1458,293.26,98,99,3.44,BR,1679515649
479,ternate,0.8,127.4,299.11,83,100,2.02,ID,1679515661
480,can tho,10.0333,105.7833,297.14,100,20,1.54,VN,1679515662
481,mareeba,-17.0,145.4333,295.55,94,71,0.92,AU,1679515662
482,japura,-0.3167,102.35,296.33,98,98,0.91,ID,1679515663
483,biak,-0.9131,122.8766,297.37,84,99,0.82,ID,1679515664
484,santiago de chuco,-8.15,-78.1833,290.15,49,94,3.3,PE,1679515664
485,ambilobe,-13.2,49.05,296.14,95,94,1.65,MG,1679515665
486,yenagoa,4.9247,6.2642,298.95,86,97,2.11,NG,1679515665
487,bataipora,-22.2953,-53.2711,302.04,69,21,2.53,BR,1679515465
488,ixtapa,20.7,-105.2,305.36,36,1,3.91,MX,1679515666
489,hanmer springs,-42.5167,172.8167,281.65,77,2,0.45,NZ,1679515666
490,san juan,-31.5375,-68.5364,298.36,55,71,2.9,AR,1679515640
491,rio gallegos,-51.6226,-69.2181,289.18,31,40,13.38,AR,1679515667
492,osorno,-40.5667,-73.15,291.32,59,0,3.09,CL,1679515367
493,oistins,13.0667,-59.5333,301.2,57,20,7.2,BB,1679515667
494,brae,60.3964,-1.353,279.04,90,100,11.07,GB,1679515668
495,linqing,36.8456,115.7117,281.82,13,100,3.29,CN,1679515668
496,ust-karsk,52.7011,118.8077,260.76,66,100,4.96,RU,1679515668
497,macae,-22.3708,-41.7869,298.67,83,7,3.59,BR,1679515601
498,eyl,7.9803,49.8164,300.89,79,50,4.25,SO,1679515669
499,ipoti,7.8738,5.0769,295.48,72,62,1.16,NG,1679515669
500,filadelfia,39.9523,-75.1638,292.52,30,98,3.58,US,1679515379
501,jieshi,22.8134,115.8257,295.33,93,100,3.55,CN,1679515670
502,huarmey,-10.0681,-78.1522,299.35,72,81,4.38,PE,1679515670
503,washougal,45.5826,-122.3534,290.58,51,0,1.34,US,1679515379
504,jacareacanga,-6.2222,-57.7528,299.85,93,100,1.13,BR,1679515671
505,bubaque,11.2833,-15.8333,297.47,75,100,7.98,GW,1679515671
506,altusried,47.8,10.2167,282.92,71,96,2.31,DE,1679515672
507,kang,-23.6752,22.7876,295.57,25,24,3.91,BW,1679515672
508,changying,52.8733,123.3213,258.84,95,100,3.75,CN,1679515672
509,leavenworth,39.2333,-95.0336,290.4,95,94,2.68,US,1679515673
510,limbang,4.75,115.0,299.21,98,100,0.74,MY,1679515673
511,hoctun,20.8667,-89.2,307.56,27,0,3.21,MX,1679515673
512,jijiga,9.35,42.8,292.64,78,99,1.43,ET,1679515674
513,beloha,-25.1667,45.05,296.75,87,56,6.06,MG,1679515674
514,marienburg,54.0359,19.0266,284.2,84,100,4.8,PL,1679515674
515,koungou,-12.7336,45.2042,299.99,78,0,2.06,YT,1679515675
516,tongliao,43.6125,122.2653,270.48,18,11,5.46,CN,1679515675
517,skibbereen,51.55,-9.2667,281.54,82,3,10.3,IE,1679515679
518,umea,63.8284,20.2597,272.11,93,100,3.09,SE,1679515683
519,aki,33.5,133.9,290.55,94,100,5.21,JP,1679515683
520,smithers,54.7804,-127.1743,276.33,70,20,0.0,CA,1679515412
521,gusinoye ozero,51.1144,106.2614,261.0,76,100,1.74,RU,1679515684
522,amasia,40.6533,35.8331,282.0,60,100,1.15,TR,1679515685
523,mangrol,21.1167,70.1167,297.62,80,48,3.74,IN,1679515686
524,nouadhibou,20.931,-17.0347,293.14,77,20,3.6,MR,1679515686
525,cozumel,20.5083,-86.9458,302.56,73,10,4.92,MX,1679515600
526,ballinrobe,53.6333,-9.2333,279.12,85,100,7.13,IE,1679515687
527,havre,49.5833,0.3333,285.56,87,0,7.2,FR,1679515688
528,doaba,33.4244,70.7364,287.35,79,100,0.9,PK,1679515689
529,jinka,5.65,36.65,291.68,78,100,1.21,ET,1679515689
530,kintinku,-5.8833,35.2333,294.72,84,98,1.7,TZ,1679515690
531,sabang,5.8933,95.3214,301.0,74,100,1.56,ID,1679515690
532,molinella,44.6213,11.6686,287.03,70,1,2.44,IT,1679515691
533,pokhara,28.2333,83.9833,287.98,69,72,1.91,NP,1679515692
534,pangody,65.85,74.4859,273.56,98,100,8.14,RU,1679515693
535,necochea,-38.5473,-58.7368,296.84,48,100,3.98,AR,1679515693
536,bezhanitsy,56.9767,29.8907,277.78,83,99,4.77,RU,1679515694
537,viseu,40.661,-7.9097,285.29,86,100,1.72,PT,1679515635
538,hvolsvollur,63.7533,-20.2243,272.42,46,85,5.53,IS,1679515695
539,raudeberg,61.9875,5.1352,279.52,73,76,5.53,NO,1679515695
540,chervona sloboda,49.3789,32.1464,281.59,82,33,1.91,UA,1679515696
541,tortoli,39.9256,9.6572,285.48,84,100,1.34,IT,1679515697
542,mount gambier,-37.8333,140.7667,288.37,92,62,2.33,AU,1679515697
543,rutana,-3.8667,30.1,286.95,93,68,0.85,BI,1679515698
544,yulara,-25.2406,130.9889,296.32,35,5,4.07,AU,1679515698
545,sao filipe,14.8961,-24.4956,294.91,72,92,4.91,CV,1679515699
546,georgiyevka,43.0369,74.7114,277.17,81,40,3.0,KZ,1679515580
547,hisar,29.1667,75.7167,294.41,48,34,2.23,IN,1679515700
548,kshenskiy,51.8408,37.7136,281.0,75,100,2.14,RU,1679515701
549,tsarychanka,48.937,34.4786,283.54,66,22,1.95,UA,1679515702
